Input values:
Rp: 1.27 #Rj
T: 1166.0 #k
log_H2O: -2.00
log_CH4: -3.26
log_CO2: -6.55
log_CO: -6.11

Retrived values:
Rp: 1.27   \pm 0.00 #Rj
T: 1166 \pm 31 #k
log_H2O: -2.0 \pm 0.11
log_CH4: -3.25 \pm 0.2
log_CO2: -6.64 \pm 0.95
log_CO: -5.9 \pm 1.31


[-2.0048037084028207, -6.550675906901273, -6.111820506081675, -3.2600323032404903]
[-2.0, -6.64, -5.9, -3.25]
[0.11, 0.95, 1.31, 0.2]